   2.6100000e+02
   2.6300000e+02
   1.7700000e+02
   2.5600000e+02
   2.3900000e+02
   2.9300000e+02
   2.3400000e+02
   2.2600000e+02
   2.3500000e+02
   2.3400000e+02
   3.1100000e+02
   2.0300000e+02
   2.1100000e+02
   1.9900000e+02
   2.2900000e+02
   2.4500000e+02
   3.0300000e+02
   2.0400000e+02
   2.3000000e+02
   2.2900000e+02
   2.2800000e+02
   3.2600000e+02
   2.0000000e+02
   2.5600000e+02
   2.0700000e+02
   2.7300000e+02
   1.8000000e+02
   2.2200000e+02
   2.2300000e+02
   2.3300000e+02
   1.9700000e+02
   2.1800000e+02
   2.1100000e+02
   1.4900000e+02
   1.9700000e+02
   2.4600000e+02
   3.1500000e+02
   2.0500000e+02
   1.6600000e+02
   2.8100000e+02
   1.2600000e+02
   2.2600000e+02
   2.3300000e+02
   2.7600000e+02
   2.6100000e+02
   2.4300000e+02
   2.6000000e+02
   2.4500000e+02
   3.0900000e+02
   2.0800000e+02
   2.3600000e+02
   2.1800000e+02
   1.9800000e+02
   2.7000000e+02
   2.1400000e+02
   2.0100000e+02
   2.4400000e+02
   2.0800000e+02
   2.7000000e+02
   2.4300000e+02
   2.2100000e+02
   2.6600000e+02
   2.0600000e+02
   2.1200000e+02
   2.7500000e+02
   3.0200000e+02
   2.3400000e+02
   2.3700000e+02
   2.8900000e+02
   2.5400000e+02
   2.7400000e+02
   2.2200000e+02
   1.7700000e+02
   2.3500000e+02
   2.9500000e+02
   2.4900000e+02
   2.8300000e+02
   1.8800000e+02
   2.8600000e+02
   2.7400000e+02
   2.7300000e+02
   2.6700000e+02
   2.0100000e+02
   2.3000000e+02
   2.1200000e+02
   2.2600000e+02
   2.4600000e+02
   2.3200000e+02
   2.4900000e+02
   2.0700000e+02
   2.1200000e+02
   2.7100000e+02
   2.3300000e+02
   2.1300000e+02
   2.8300000e+02
   2.8200000e+02
   2.3000000e+02
   1.6700000e+02
   2.2400000e+02
   2.5000000e+02
   2.1700000e+02
   3.0800000e+02
   1.9300000e+02
   2.3100000e+02
   2.6200000e+02
   2.5900000e+02
   2.1100000e+02
   1.9700000e+02
   2.8200000e+02
   2.3400000e+02
   2.5400000e+02
   2.9900000e+02
   1.8200000e+02
   2.9800000e+02
   2.3100000e+02
   2.5400000e+02
   1.9600000e+02
   2.4000000e+02
   1.7200000e+02
   2.4600000e+02
   3.1500000e+02
   1.8400000e+02
   2.3300000e+02
   2.6900000e+02
   2.3900000e+02
   1.7400000e+02
   3.0900000e+02
   2.8200000e+02
   2.5500000e+02
   3.0400000e+02
   2.7700000e+02
   3.0000000e+02
   2.5800000e+02
   2.9900000e+02
   2.8900000e+02
   2.9800000e+02
   2.4000000e+02
   3.0900000e+02
   2.5000000e+02
   2.8800000e+02
   2.4500000e+02
   2.1600000e+02
   2.0400000e+02
   2.2700000e+02
   2.5800000e+02
   2.2000000e+02
   2.3900000e+02
   2.5400000e+02
   1.6800000e+02
   3.3000000e+02
   2.0300000e+02
   1.8600000e+02
   2.1900000e+02
   2.6000000e+02
   2.5500000e+02
   2.3100000e+02
   1.7700000e+02
   2.5700000e+02
   3.2500000e+02
   2.7400000e+02
   3.2100000e+02
   2.5300000e+02
   2.4800000e+02
   1.8500000e+02
   2.8200000e+02
   1.8800000e+02
   2.1900000e+02
   2.9000000e+02
   1.7500000e+02
   2.1200000e+02
   2.4300000e+02
   3.5300000e+02
   3.3500000e+02
   2.4700000e+02
   2.0600000e+02
   2.8400000e+02
   2.6600000e+02
   2.2900000e+02
   1.9900000e+02
   2.6300000e+02
   1.9200000e+02
   2.8600000e+02

