   2.6900000e+02
   4.0700000e+02
   3.0300000e+02
   1.4900000e+02
   2.8800000e+02
   2.7500000e+02
   2.4300000e+02
   2.9500000e+02
   2.6500000e+02
   2.1500000e+02
   2.0900000e+02
   2.2500000e+02
   4.1700000e+02
   1.9500000e+02
   2.3400000e+02
   1.9800000e+02
   1.7800000e+02
   2.4900000e+02
   3.0500000e+02
   2.4000000e+02
   3.1900000e+02
   2.4200000e+02
   3.5400000e+02
   1.9700000e+02
   2.2300000e+02
   1.9900000e+02
   2.0900000e+02
   3.0600000e+02
   3.3000000e+02
   3.1300000e+02
   2.4400000e+02
   1.4100000e+02
   2.6900000e+02
   2.5800000e+02
   1.6000000e+02
   3.2700000e+02
   3.0500000e+02
   3.0400000e+02
   2.7100000e+02
   2.8800000e+02
   2.2600000e+02
   3.6000000e+02
   2.0100000e+02
   1.9600000e+02
   2.6900000e+02
   1.7700000e+02
   2.7700000e+02
   2.1000000e+02
   2.6800000e+02
   2.1900000e+02
   2.6700000e+02
   3.0300000e+02
   2.5600000e+02
   2.0400000e+02
   2.2800000e+02
   2.4400000e+02
   3.2500000e+02
   2.5400000e+02
   2.3600000e+02
   2.1100000e+02
   2.9400000e+02
   4.0900000e+02
   2.6500000e+02
   3.9400000e+02
   2.5000000e+02
   2.4800000e+02
   2.1400000e+02
   2.3900000e+02
   3.1800000e+02
   2.1300000e+02
   2.0400000e+02
   2.5200000e+02
   1.8300000e+02
   2.6300000e+02
   3.4100000e+02
   2.8300000e+02
   3.0700000e+02
   1.6400000e+02
   2.3400000e+02
   2.6400000e+02
   2.6800000e+02
   3.0800000e+02
   2.6900000e+02
   3.0200000e+02
   3.4000000e+02
   2.9400000e+02

